0 38 8
1 80 5
2 19 2
3 61 2
4 10 6
5 5 1
6 76 1
7 50 1
8 39 4
9 34 8
10 35 1
11 1 0
12 12 0
13 23 1
14 7 1
15 39 1
16 53 2
17 26 0
18 37 0
19 30 1
20 15 1
21 33 3
22 22 0
23 4 1
24 18 2
25 37 5
26 40 7
27 30 1
28 20 3
29 113 5
30 11 0
31 30 1
32 60 2
33 51 0
34 25 1
35 51 3
36 14 0
37 23 1
38 35 0
39 26 3
40 55 0
41 29 2
42 12 0
43 30 1
44 36 2
45 25 0
46 32 1
47 39 8
48 108 2
49 24 1
50 45 3
51 41 5
52 58 3
53 62 0
54 28 5
55 69 3
56 27 0
57 35 0
58 46 0
59 19 0
60 51 1
61 52 3
62 33 1
63 59 4
64 13 1
65 63 5
66 20 2
67 27 0
68 60 0
69 18 3
70 64 1
71 39 3
72 5 0
73 9 0
74 6 0
75 5 0
76 43 2
77 15 1
78 32 7
79 12 0
80 38 3
81 15 1
82 9 0
83 49 0
84 18 5
85 24 2
86 19 3
87 15 1
88 24 0
89 53 4
90 140 8
91 20 1
92 14 0
93 34 6
94 28 4
95 7 2
96 36 1
97 8 0
98 24 2
99 12 0
100 10 1
101 42 7
102 18 0
103 47 4
104 25 1
105 46 1
106 56 2
107 1 0
108 34 5
109 21 0
110 9 0
111 7 0
112 7 0
113 5 0
114 22 0
115 24 0
116 15 0
117 20 1
118 29 4
119 23 1
120 32 1
121 7 0
122 126 9
123 26 0
124 4 0
125 44 6
126 19 1
127 95 2
128 49 2
129 9 0
130 13 2
131 15 1
132 53 2
133 22 1
134 18 0
135 40 0
136 17 0
137 12 0
138 67 3
139 9 0
140 51 2
141 24 1
142 43 2
143 30 2
144 15 0
145 11 4
146 31 4
147 45 1
148 56 1
149 17 0
150 33 5
151 28 4
152 31 0
153 21 0
154 16 0
155 26 0
156 22 0
157 16 0
158 55 2
159 27 0
160 15 0
161 51 5
162 33 4
163 26 2
164 45 3
165 34 1
166 27 4
167 31 3
168 70 2
169 37 4
170 61 1
171 1 0
172 56 8
173 29 7
174 19 0
175 26 1
176 20 1
177 18 0
178 56 6
179 20 2
180 46 4
181 5 4
182 57 3
183 17 0
184 20 4
185 41 4
186 40 2
187 25 1
188 14 0
189 27 2
190 22 0
191 11 0
192 27 5
193 21 2
194 34 2
195 22 0
196 37 3
197 69 4
198 51 5
199 19 1
200 42 1
201 35 0
202 24 1
203 87 4
204 36 1
205 2 0
206 14 1
207 20 0
208 23 2
209 6 9
210 12 6
211 39 5
212 33 3
213 39 8
214 36 0
215 17 0
216 34 4
217 82 3
218 85 4
219 30 0
220 36 5
221 56 0
222 31 0
223 31 0
224 29 2
225 41 1
226 14 0
227 51 6
228 34 6
229 53 6
230 25 1
231 10 0
232 31 8
233 39 6
234 1 0
235 22 0
236 3 0
237 19 2
238 10 0
239 45 0
240 72 6
241 25 0
242 43 4
243 7 0
244 16 1
245 42 7
246 25 4
247 21 2
248 15 1
249 53 2
250 108 5
251 39 5
252 33 0
253 12 1
254 31 0
255 6 0
256 56 5
257 45 3
258 18 3
259 34 2
260 10 2
261 25 5
262 28 1
263 47 2
264 17 0
265 13 2
266 20 1
267 13 0
268 15 2
269 25 10
270 35 8
271 36 2
272 57 9
273 14 2
274 37 0
275 31 3
276 22 3
277 21 7
278 42 3
279 17 0
280 24 7
281 8 0
282 7 0
283 14 0
284 53 7
285 2 0
286 48 2
287 24 1
288 33 0
289 23 0
290 46 2
291 26 0
292 21 0
293 33 14
294 11 0
295 64 5
296 71 7
297 28 1
298 21 0
299 3 1
300 19 0
301 25 5
302 18 1
303 1 0
304 8 0
305 33 3
306 9 2
307 20 6
308 29 5
309 17 1
310 22 2
311 5 0
312 21 5
313 10 0
314 10 1
315 31 2
316 50 0
317 56 3
318 33 12
319 10 1
320 10 0
321 4 0
322 23 2
323 28 1
324 19 0
325 27 1
326 26 1
327 6 0
328 31 1
329 26 0
330 36 1
331 12 0
332 29 0
333 39 0
334 19 0
335 58 0
336 27 0
337 12 0
338 40 5
339 24 0
340 23 0
341 9 0
342 1 0
343 5 1
344 3 0
345 3 0
346 40 2
347 23 0
348 56 0
349 39 0
350 29 1
351 17 0
352 80 2
353 8 4
354 38 4
355 49 5
356 9 2
357 70 2
358 47 1
359 28 3
360 32 1
361 44 3
362 26 2
363 24 1
364 21 0
365 40 0
366 25 0
367 28 2
368 42 1
369 27 0
370 87 2
371 65 2
372 68 0
373 56 0
374 39 0
375 19 0
376 7 0
377 21 0
378 45 3
379 18 6
380 45 6
381 36 1
382 18 8
383 13 1
384 15 1
385 18 0
386 15 1
387 20 5
388 19 1
389 52 0
390 43 4
391 45 0
392 15 0
393 33 2
394 26 0
395 115 4
396 19 2
397 14 0
398 60 1
399 28 3
400 7 0
401 20 3
402 2 0
403 12 0
404 81 6
405 101 3
406 39 2
407 37 13
408 57 8
409 39 2
410 32 0
411 13 0
412 9 0
413 36 1
414 7 0
415 13 2
416 21 0
417 53 3
418 60 1
419 1 0
420 3 0
421 32 0
422 32 0
423 15 0
424 38 1
425 11 1
426 10 1
427 39 2
428 6 0
429 2 0
430 4 0
431 15 1
432 33 1
433 12 0
434 16 0
435 29 0
436 4 1
437 10 1
438 7 0
439 28 0
440 13 0
441 3 2
442 8 0
443 8 0
444 4 0
445 3 0
446 35 2
447 54 5
448 28 0
449 10 0
450 52 5
451 13 2
452 16 0
453 36 0
454 35 4
455 10 1
456 5 0
457 17 0
458 40 12
459 10 0
460 4 0
461 14 2
462 22 1
463 15 0
464 23 0
465 1 0
466 4 0
467 1 0
468 16 0
469 17 0
470 23 1
471 7 0
472 8 0
473 11 2
474 15 0
475 25 1
476 28 1
477 2 0
478 19 4
479 1 0
480 5 0
481 16 4
482 20 3
483 24 0
484 9 2
485 36 0
486 26 1
487 7 0
488 18 5
489 17 1
490 15 1
491 8 2
492 3 0
493 12 0
494 7 0
495 14 1
496 4 0
497 1 0
498 6 0
499 11 0
500 12 0
501 6 0
502 8 0
503 9 0
504 15 0
505 12 1
506 6 0
507 7 0
508 21 0
509 4 0
510 11 0
511 6 0
512 11 2
513 25 0
514 32 1
515 1 0
516 2 0
517 11 1
518 1 0
519 7 1
520 2 0
521 1 0
522 1 0
523 5 0
524 7 0
525 7 0
526 9 1
527 14 0
528 22 1
529 9 0
530 9 0
531 2 0
532 8 1
533 7 0
534 11 0
535 28 0
536 1 0
537 2 0
538 1 0
539 17 0
540 1 0
541 3 0
542 2 0
543 2 0
544 3 0
545 7 0
546 11 2
547 1 0
548 8 0
549 12 0
550 1 0
551 7 0
552 3 0
553 1 0
554 3 0
555 15 0
556 41 0
557 1 0
558 4 0
559 1 0
560 25 1
561 16 1
562 63 0
563 7 0
564 1 0
565 2 0
566 8 0
567 15 0
568 2 0
569 9 0
570 9 0
571 4 0
572 6 0
573 7 0
574 4 0
575 9 0
576 8 0
577 6 0
578 10 0
579 5 0
580 10 0
581 5 0
582 9 0
583 2 0
584 1 0
585 5 0
586 3 0
587 2 0
588 2 0
589 5 0
590 28 3
591 7 0
592 36 0
593 8 0
594 3 1
595 8 1
596 7 1
597 12 1
598 12 0
599 3 0
600 28 0
601 6 0
602 33 0
603 40 0
604 2 0
605 3 0
606 19 1
607 19 1
608 24 0
609 23 0
610 6 0
611 8 0
612 20 1
613 1 0
614 55 0
615 18 1
616 18 1
617 5 0
618 24 0
619 27 0
620 1 0
621 14 0
622 12 0
623 31 3
624 2 0
625 2 0
626 12 0
627 4 0
628 10 1
629 1 0
630 9 0
631 5 0
632 3 0
633 17 0
634 30 0
635 5 1
636 3 0
637 13 1
638 46 1
639 21 0
640 13 3
641 6 5
642 19 0
643 1 0
644 4 0
645 18 2
646 13 2
647 18 0
648 15 0
649 6 0
650 28 1
651 19 0
652 16 1
653 14 0
654 20 0
655 11 1
656 2 0
657 1 0
658 3 0
659 2 0
660 8 1
661 8 0
662 2 0
663 3 0
664 3 0
665 4 0
666 9 1
667 1 1
668 3 0
669 16 2
670 6 0
671 2 0
672 7 0
673 1 0
674 7 0
675 7 0
676 30 0
677 12 0
678 5 0
679 9 0
680 25 0
681 28 1
682 15 1
683 21 0
684 7 0
685 6 0
686 28 0
687 9 0
688 5 0
689 10 0
690 7 1
691 20 0
692 14 0
693 3 0
694 11 0
695 1 0
696 7 0
697 2 0
698 1 0
699 23 5
700 25 1
701 4 1
702 11 0
703 10 0
704 20 0
705 15 2
706 26 0
707 9 0
708 14 4
709 1 0
710 21 2
711 13 0
712 19 0
713 35 1
714 32 5
715 26 1
716 52 2
717 8 0
718 14 0
719 11 0
720 23 0
721 7 0
722 22 2
723 35 0
724 20 2
725 6 0
726 13 2
727 48 1
728 21 0
729 12 0
730 18 0
731 3 0
732 9 0
733 8 0
734 25 0
735 45 0
736 20 0
737 7 0
738 13 0
739 10 3
740 2 0
741 4 0
742 6 1
743 2 0
744 11 0
745 7 0
746 12 1
747 1 0
748 8 0
749 2 0
750 46 2
751 19 2
752 13 1
753 10 0
754 25 0
755 4 0
756 13 1
757 23 0
758 22 1
759 57 0
760 41 2
761 5 0
762 34 2
763 47 1
764 58 0
765 12 0
766 3 0
767 19 2
768 6 0
769 21 1
770 3 1
771 16 0
772 6 1
773 3 0
774 37 1
775 7 0
776 9 0
777 18 2
778 22 0
779 17 0
780 7 0
781 36 0
782 17 2
783 30 2
784 14 1
785 13 0
786 19 6
787 3 0
788 18 0
789 8 0
790 5 0
791 11 0
792 11 0
793 7 7
794 23 0
795 1 0
796 1 0
797 27 0
798 1 0
799 1 0
800 23 2
801 15 0
802 3 2
803 15 0
804 7 0
805 2 0
806 3 2
807 2 0
808 25 1
809 28 0
810 1 0
811 17 0
812 13 1
813 7 0
814 4 0
815 1 0
816 4 0
817 8 1
818 9 0
819 3 0
820 18 0
821 14 0
822 1 0
823 7 0
824 50 2
825 31 0
826 20 0
827 4 0
828 2 0
829 6 0
830 12 0
831 19 0
832 17 0
833 23 1
834 7 0
835 3 0
836 2 0
837 2 0
838 1 0
839 1 0
840 1 0
841 1 0
842 1 0
843 1 0
844 1 0
845 1 0
846 53 2
847 1 0
848 8 4
849 6 0
850 18 0
851 16 1
852 29 1
853 5 0
854 24 0
855 2 0
856 13 1
857 13 1
858 11 1
859 6 0
860 2 0
861 3 0
862 14 0
863 1 0
864 1 0
865 9 0
866 1 0
867 35 0
868 15 0
869 9 0
870 13 0
871 35 0
872 11 0
873 1 0
874 8 0
875 7 0
876 4 0
877 11 0
878 4 0
879 6 2
880 22 0
881 21 0
882 53 1
883 11 0
884 33 2
885 76 0
886 34 1
887 15 0
888 32 0
889 28 0
890 21 0
891 23 0
892 22 2
893 62 5
894 16 0
895 19 0
896 91 3
897 9 2
898 23 2
899 10 0
900 42 7
901 22 0
902 27 0
903 14 3
904 10 0
905 28 1
906 14 0
907 48 2
908 21 6
909 24 4
910 36 2
911 11 7
912 16 0
913 63 7
914 12 0
915 6 0
916 20 1
917 1 0
918 5 0
919 11 0
920 13 1
921 65 1
922 3 0
923 40 3
924 29 1
925 35 3
926 19 0
927 1 0
928 6 1
929 28 2
930 41 9
931 30 7
932 30 3
933 75 4
934 38 0
935 37 2
936 56 3
937 57 0
938 2 0
939 26 3
940 22 0
941 32 0
942 17 1
943 13 5
944 5 0
945 12 3
946 11 0
947 35 5
948 12 0
949 13 0
950 3 0
951 36 2
952 10 0
953 42 1
954 13 0
955 11 1
956 15 1
957 26 0
958 28 5
959 13 0
960 14 0
961 8 0
962 13 1
963 19 4
964 30 1
965 17 0
966 10 0
967 1 0
968 12 0
969 31 4
970 10 0
971 22 3
972 17 0
973 29 0
974 28 8
975 1 0
976 38 2
977 5 0
978 69 6
979 26 0
980 28 6
981 5 0
982 21 0
983 22 3
984 53 4
985 17 2
986 12 3
987 20 0
988 1 0
989 7 0
990 2 0
991 6 0
992 5 0
993 32 2
994 22 0
995 2 0
996 17 0
997 42 1
998 17 1
999 24 0
1000 16 4
1001 10 0
1002 4 0
1003 3 0
1004 29 0
1005 35 0
1006 10 1
1007 52 3
1008 25 0
1009 22 0
1010 3 0
1011 22 0
1012 1 0
1013 2 0
1014 8 0
1015 12 0
1016 8 0
1017 33 0
1018 46 1
1019 33 1
1020 44 1
1021 27 0
1022 19 1
1023 13 0
1024 19 0
1025 14 4
1026 22 2
1027 46 1
1028 9 0
1029 65 0
1030 65 0
1031 6 1
1032 13 0
1033 2 0
1034 20 3
1035 8 1
1036 1 0
1037 11 10
1038 48 1
1039 23 0
1040 8 0
1041 8 0
1042 13 0
1043 24 0
1044 10 0
1045 2 0
1046 14 0
1047 21 0
1048 29 5
1049 23 1
1050 4 0
1051 14 2
1052 15 1
1053 15 0
1054 47 1
1055 36 0
1056 12 0
1057 14 2
1058 14 0
1059 56 1
1060 43 0
1061 4 5
1062 4 1
1063 41 5
1064 3 0
1065 8 0
1066 12 0
1067 18 0
1068 73 2
1069 18 0
1070 9 0
1071 23 0
1072 23 5
1073 27 1
1074 27 0
1075 30 2
1076 29 2
1077 24 0
1078 76 0
1079 49 0
1080 6 0
1081 24 0
1082 27 1
1083 40 1
1084 3 0
1085 14 0
1086 47 0
1087 15 0
1088 42 5
1089 15 0
1090 52 6
1091 26 1
1092 60 1
1093 22 1
1094 36 2
1095 48 0
1096 27 4
1097 16 2
1098 9 4
1099 12 0
1100 10 3
1101 55 1
1102 21 0
1103 16 0
1104 9 0
1105 11 2
1106 28 4
1107 22 1
1108 9 0
1109 36 2
1110 2 0
1111 10 1
1112 7 2
1113 1 0
1114 8 3
1115 3 0
1116 18 0
1117 12 1
1118 2 0
1119 26 0
1120 9 0
1121 12 2
1122 54 0
1123 37 0
1124 9 0
1125 20 1
1126 26 1
1127 33 2
1128 26 4
1129 24 2
1130 11 0
1131 8 1
1132 28 3
1133 11 1
1134 6 0
1135 15 0
1136 5 2
1137 2 0
1138 5 0
1139 10 0
1140 6 0
1141 1 0
1142 3 0
1143 1 0
1144 19 0
1145 17 0
1146 3 0
1147 10 0
1148 54 5
1149 34 1
1150 14 0
1151 6 0
1152 20 1
1153 17 0
1154 8 0
1155 1 0
1156 37 2
1157 7 0
1158 3 0
1159 2 0
1160 20 3
1161 1 0
1162 6 0
1163 22 0
1164 52 1
1165 1 0
1166 7 2
1167 2 0
1168 16 4
1169 17 0
1170 2 0
1171 21 0
1172 34 13
1173 8 0
1174 31 3
1175 25 1
1176 22 3
1177 1 0
1178 34 0
1179 3 0
1180 4 0
1181 25 0
1182 14 1
1183 4 0
1184 22 0
1185 31 1
1186 14 0
1187 14 1
1188 8 0
1189 2 0
1190 17 1
1191 42 0
1192 2 0
1193 28 4
1194 8 1
1195 23 0
1196 17 5
1197 6 0
1198 12 0
1199 9 0
1200 4 0
1201 6 0
1202 1 0
1203 16 2
1204 14 1
1205 6 3
1206 8 0
1207 2 0
1208 24 0
1209 11 2
1210 18 0
1211 23 1
1212 42 2
1213 74 3
1214 34 4
1215 67 2
1216 12 0
1217 1 0
1218 2 0
1219 19 6
1220 32 0
1221 52 0
1222 23 2
1223 20 1
1224 13 1
1225 15 1
1226 82 4
1227 3 0
1228 4 0
1229 24 0
1230 15 0
1231 14 0
1232 1 0
1233 28 5
1234 4 0
1235 13 0
1236 3 0
1237 5 0
1238 7 1
1239 1 0
1240 4 0
1241 5 0
1242 32 1
1243 12 0
1244 8 1
1245 12 0
1246 12 1
1247 10 1
1248 12 0
1249 16 4
1250 5 0
1251 1 0
1252 8 1
1253 12 0
1254 7 2
1255 2 0
1256 1 0
1257 91 9
1258 24 0
1259 5 0
1260 36 1
1261 17 0
1262 3 0
1263 17 0
1264 7 0
1265 12 0
1266 49 5
1267 43 2
1268 33 0
1269 9 0
1270 25 2
1271 17 2
1272 37 4
1273 14 0
1274 8 1
1275 12 0
1276 29 0
1277 8 0
1278 7 0
1279 19 1
1280 48 0
1281 29 0
1282 49 1
1283 32 1
1284 16 0
1285 6 0
1286 17 0
1287 20 0
1288 4 0
1289 14 0
1290 28 0
1291 7 1
1292 16 1
1293 16 0
1294 41 1
1295 9 0
1296 17 1
1297 27 5
1298 8 0
1299 21 0
1300 12 0
1301 15 0
1302 31 2
1303 1 0
1304 14 0
1305 18 5
1306 11 0
1307 15 1
1308 22 0
1309 12 1
1310 14 1
1311 4 0
1312 23 0
1313 14 0
1314 28 2
1315 12 0
1316 35 2
1317 4 0
1318 1 0
1319 4 0
1320 18 0
1321 1 0
1322 9 0
1323 4 0
1324 12 0
1325 5 0
1326 4 0
1327 18 1
1328 21 0
1329 4 0
1330 10 1
1331 6 1
1332 35 3
1333 27 2
1334 38 5
1335 12 0
1336 17 0
1337 20 2
1338 46 5
1339 46 2
1340 25 3
1341 27 2
1342 29 1
1343 18 0
1344 14 0
1345 25 2
1346 15 4
1347 15 0
1348 28 1
1349 10 0
1350 18 0
1351 12 0
1352 33 2
1353 34 2
1354 17 0
1355 23 0
1356 27 4
1357 10 0
1358 41 0
1359 5 0
1360 8 0
1361 20 1
1362 2 0
1363 13 1
1364 37 0
1365 47 1
1366 16 0
1367 3 0
1368 18 1
1369 12 0
1370 16 3
1371 2 0
1372 4 0
1373 26 1
1374 28 0
1375 20 0
1376 30 0
1377 28 1
1378 6 0
1379 4 1
1380 27 1
1381 26 1
1382 30 2
1383 103 6
1384 25 5
1385 6 0
1386 9 2
1387 25 0
1388 19 5
1389 35 2
1390 7 0
1391 1 0
1392 33 3
1393 20 0
1394 11 1
1395 24 1
1396 31 4
1397 15 0
1398 1 0
1399 11 0
1400 3 0
1401 35 5
1402 5 0
1403 7 1
1404 3 0
1405 26 0
1406 5 0
1407 30 0
1408 15 0
1409 9 0
1410 9 0
1411 40 0
1412 18 1
1413 6 0
1414 34 2
1415 12 2
1416 20 2
1417 3 0
1418 18 0
1419 21 3
1420 14 0
1421 18 1
1422 9 0
1423 11 1
1424 32 0
1425 22 0
1426 35 2
1427 9 0
1428 23 5
1429 33 0
1430 39 1
1431 32 5
1432 24 1
1433 17 1
1434 17 0
1435 38 1
1436 15 0
1437 23 2
1438 31 3
1439 25 1
1440 38 2
1441 26 1
1442 51 1
1443 51 5
1444 13 0
1445 4 1
1446 6 0
1447 25 4
1448 8 0
1449 18 0
1450 27 0
1451 22 1
1452 11 1
1453 8 0
1454 5 1
1455 5 0
1456 1 0
1457 16 0
1458 21 3
1459 13 0
1460 10 0
1461 18 0
1462 3 0
1463 4 2
1464 28 0
1465 17 0
1466 31 4
1467 4 0
1468 5 0
1469 21 3
1470 11 3
1471 56 1
1472 32 2
1473 25 2
1474 29 0
1475 4 0
1476 25 0
1477 58 7
1478 23 2
1479 25 0
1480 19 7
1481 46 1
1482 29 5
1483 30 1
1484 24 0
1485 14 1
1486 32 1
1487 35 3
1488 27 1
1489 81 9
1490 24 1
1491 22 0
1492 60 0
1493 18 0
1494 49 0
1495 9 1
1496 21 6
1497 50 5
1498 22 0
1499 40 1
1500 26 0
1501 23 0
1502 29 0
1503 30 0
1504 10 0
1505 41 1
1506 18 0
1507 61 2
1508 27 2
1509 60 0
1510 56 4
1511 73 3
1512 10 0
1513 27 0
1514 21 2
1515 67 1
1516 23 3
1517 28 8
1518 37 1
1519 21 0
1520 7 0
1521 29 1
1522 34 6
1523 29 2
1524 45 5
1525 41 5
1526 0 0
1527 0 0
1528 0 0
1529 0 0
1530 0 0
1531 0 0
1532 0 0
1533 0 0
1534 0 0
1535 0 0
1536 0 0
1537 0 0
1538 0 0
1539 0 0
1540 0 0
1541 0 0
1542 0 0
1543 0 0
1544 0 0
1545 0 0
1546 0 0
1547 0 0
1548 0 0
1549 0 0
1550 0 0
1551 0 0
1552 0 0
1553 0 0
1554 0 0
1555 0 0
1556 0 0
1557 0 0
1558 0 0
1559 0 0
1560 0 0
1561 0 0
1562 0 0
1563 0 0
1564 0 0
1565 0 0
1566 0 0
1567 0 0
1568 0 0
1569 0 0
1570 0 0
1571 0 0
1572 0 0
1573 0 0
1574 0 0
1575 0 0
1576 0 0
1577 0 0
1578 0 0
1579 0 0
1580 0 0
1581 0 0
