0 38 4
1 80 4
2 19 2
3 61 1
4 10 1
5 5 0
6 76 0
7 50 0
8 39 2
9 34 2
10 35 0
11 1 0
12 12 0
13 23 0
14 7 1
15 39 1
16 53 2
17 26 0
18 37 0
19 30 0
20 15 0
21 33 1
22 22 0
23 4 1
24 18 0
25 37 3
26 40 6
27 30 2
28 20 2
29 113 0
30 11 0
31 30 0
32 60 0
33 51 2
34 25 0
35 51 1
36 14 0
37 23 0
38 35 1
39 26 0
40 55 1
41 29 0
42 12 0
43 30 1
44 36 0
45 25 0
46 32 0
47 39 0
48 108 1
49 24 0
50 45 0
51 41 0
52 58 0
53 62 2
54 28 0
55 69 2
56 27 1
57 35 0
58 46 0
59 19 0
60 51 2
61 52 0
62 33 0
63 59 3
64 13 0
65 63 0
66 20 0
67 27 0
68 60 2
69 18 0
70 64 0
71 39 0
72 5 0
73 9 0
74 6 0
75 5 0
76 43 0
77 15 0
78 32 1
79 12 0
80 38 0
81 15 0
82 9 0
83 49 2
84 18 0
85 24 0
86 19 0
87 15 0
88 24 1
89 53 0
90 140 0
91 20 0
92 14 0
93 34 2
94 28 0
95 7 0
96 36 2
97 8 0
98 24 0
99 12 0
100 10 0
101 42 0
102 18 0
103 47 0
104 25 0
105 46 2
106 56 2
107 1 0
108 34 0
109 21 0
110 9 0
111 7 0
112 7 0
113 5 0
114 22 0
115 24 0
116 15 0
117 20 0
118 29 0
119 23 0
120 32 2
121 7 0
122 126 0
123 26 0
124 4 0
125 44 0
126 19 0
127 95 0
128 49 1
129 9 0
130 13 4
131 15 0
132 53 0
133 22 0
134 18 0
135 40 0
136 17 0
137 12 0
138 67 1
139 9 0
140 51 0
141 24 0
142 43 0
143 30 0
144 15 0
145 11 0
146 31 0
147 45 0
148 56 4
149 17 0
150 33 0
151 28 0
152 31 0
153 21 0
154 16 0
155 26 0
156 22 0
157 16 0
158 55 1
159 27 0
160 15 0
161 51 0
162 33 1
163 26 2
164 45 1
165 34 0
166 27 0
167 31 1
168 70 0
169 37 0
170 61 0
171 1 0
172 56 0
173 29 0
174 19 1
175 26 0
176 20 1
177 18 3
178 56 0
179 20 0
180 46 1
181 5 1
182 57 1
183 17 2
184 20 0
185 41 0
186 40 3
187 25 0
188 14 0
189 27 1
190 22 0
191 11 0
192 27 1
193 21 1
194 34 1
195 22 0
196 37 0
197 69 0
198 51 2
199 19 2
200 42 0
201 35 0
202 24 0
203 87 2
204 36 0
205 2 0
206 14 0
207 20 0
208 23 1
209 6 1
210 12 0
211 39 1
212 33 2
213 39 0
214 36 0
215 17 1
216 34 0
217 82 2
218 85 0
219 30 0
220 36 0
221 56 0
222 31 0
223 31 0
224 29 0
225 41 0
226 14 0
227 51 1
228 34 2
229 53 2
230 25 0
231 10 0
232 31 2
233 39 0
234 1 0
235 22 1
236 3 0
237 19 0
238 10 0
239 45 0
240 72 1
241 25 1
242 43 3
243 7 0
244 16 2
245 42 0
246 25 4
247 21 0
248 15 0
249 53 0
250 108 1
251 39 0
252 33 0
253 12 1
254 31 0
255 6 1
256 56 0
257 45 0
258 18 0
259 34 0
260 10 0
261 25 0
262 28 0
263 47 0
264 17 0
265 13 0
266 20 3
267 13 1
268 15 0
269 25 1
270 35 1
271 36 1
272 57 0
273 14 0
274 37 0
275 31 1
276 22 1
277 21 1
278 42 2
279 17 0
280 24 0
281 8 0
282 7 0
283 14 1
284 53 0
285 2 0
286 48 1
287 24 0
288 33 0
289 23 1
290 46 0
291 26 0
292 21 0
293 33 3
294 11 0
295 64 1
296 71 0
297 28 1
298 21 2
299 3 0
300 19 1
301 25 0
302 18 0
303 1 0
304 8 0
305 33 0
306 9 1
307 20 0
308 29 2
309 17 0
310 22 0
311 5 0
312 21 0
313 10 0
314 10 0
315 31 1
316 50 1
317 56 3
318 33 0
319 10 1
320 10 0
321 4 0
322 23 0
323 28 1
324 19 0
325 27 0
326 26 1
327 6 0
328 31 0
329 26 0
330 36 0
331 12 0
332 29 0
333 39 0
334 19 0
335 58 0
336 27 0
337 12 0
338 40 0
339 24 1
340 23 0
341 9 0
342 1 0
343 5 0
344 3 0
345 3 0
346 40 0
347 23 0
348 56 1
349 39 0
350 29 0
351 17 0
352 80 2
353 8 0
354 38 1
355 49 0
356 9 0
357 70 0
358 47 0
359 28 0
360 32 1
361 44 0
362 26 0
363 24 0
364 21 0
365 40 1
366 25 0
367 28 0
368 42 0
369 27 0
370 87 0
371 65 0
372 68 0
373 56 1
374 39 1
375 19 0
376 7 0
377 21 1
378 45 0
379 18 1
380 45 1
381 36 0
382 18 0
383 13 0
384 15 0
385 18 0
386 15 0
387 20 0
388 19 0
389 52 0
390 43 2
391 45 0
392 15 1
393 33 0
394 26 0
395 115 2
396 19 1
397 14 0
398 60 0
399 28 1
400 7 0
401 20 0
402 2 0
403 12 1
404 81 1
405 101 3
406 39 1
407 37 0
408 57 1
409 39 0
410 32 1
411 13 0
412 9 0
413 36 0
414 7 0
415 13 0
416 21 0
417 53 1
418 60 1
419 1 0
420 3 0
421 32 0
422 32 1
423 15 0
424 38 0
425 11 0
426 10 0
427 39 0
428 6 0
429 2 0
430 4 0
431 15 0
432 33 1
433 12 0
434 16 2
435 29 1
436 4 0
437 10 0
438 7 0
439 28 2
440 13 0
441 3 0
442 8 0
443 8 0
444 4 1
445 3 0
446 35 1
447 54 0
448 28 0
449 10 0
450 52 0
451 13 0
452 16 0
453 36 3
454 35 0
455 10 0
456 5 0
457 17 0
458 40 0
459 10 0
460 4 0
461 14 0
462 22 0
463 15 0
464 23 0
465 1 0
466 4 0
467 1 0
468 16 1
469 17 0
470 23 0
471 7 0
472 8 0
473 11 2
474 15 0
475 25 0
476 28 3
477 2 0
478 19 0
479 1 0
480 5 0
481 16 0
482 20 1
483 24 1
484 9 0
485 36 0
486 26 0
487 7 1
488 18 1
489 17 1
490 15 1
491 8 0
492 3 0
493 12 1
494 7 1
495 14 0
496 4 0
497 1 0
498 6 0
499 11 0
500 12 1
501 6 0
502 8 1
503 9 0
504 15 0
505 12 0
506 6 0
507 7 1
508 21 0
509 4 0
510 11 0
511 6 0
512 11 0
513 25 1
514 32 3
515 1 0
516 2 0
517 11 0
518 1 0
519 7 0
520 2 0
521 1 0
522 1 0
523 5 0
524 7 0
525 7 0
526 9 0
527 14 0
528 22 0
529 9 0
530 9 0
531 2 0
532 8 0
533 7 1
534 11 0
535 28 0
536 1 0
537 2 0
538 1 0
539 17 1
540 1 0
541 3 0
542 2 0
543 2 0
544 3 0
545 7 0
546 11 0
547 1 0
548 8 0
549 12 0
550 1 0
551 7 0
552 3 0
553 1 0
554 3 0
555 15 0
556 41 0
557 1 0
558 4 0
559 1 0
560 25 0
561 16 1
562 63 0
563 7 0
564 1 0
565 2 1
566 8 0
567 15 0
568 2 0
569 9 0
570 9 0
571 4 0
572 6 0
573 7 0
574 4 0
575 9 1
576 8 0
577 6 0
578 10 0
579 5 0
580 10 0
581 5 0
582 9 0
583 2 0
584 1 0
585 5 0
586 3 0
587 2 0
588 2 0
589 5 0
590 28 2
591 7 0
592 36 0
593 8 0
594 3 0
595 8 0
596 7 0
597 12 0
598 12 0
599 3 0
600 28 0
601 6 0
602 33 0
603 40 0
604 2 0
605 3 0
606 19 0
607 19 0
608 24 0
609 23 0
610 6 0
611 8 0
612 20 0
613 1 0
614 55 0
615 18 0
616 18 3
617 5 0
618 24 0
619 27 0
620 1 0
621 14 0
622 12 0
623 31 0
624 2 0
625 2 0
626 12 0
627 4 0
628 10 0
629 1 0
630 9 0
631 5 0
632 3 1
633 17 1
634 30 3
635 5 0
636 3 0
637 13 0
638 46 2
639 21 0
640 13 0
641 6 0
642 19 1
643 1 0
644 4 0
645 18 0
646 13 0
647 18 0
648 15 0
649 6 0
650 28 0
651 19 0
652 16 1
653 14 1
654 20 0
655 11 0
656 2 0
657 1 0
658 3 0
659 2 0
660 8 0
661 8 0
662 2 0
663 3 0
664 3 0
665 4 0
666 9 0
667 1 0
668 3 2
669 16 0
670 6 0
671 2 0
672 7 0
673 1 0
674 7 0
675 7 0
676 30 0
677 12 0
678 5 0
679 9 0
680 25 0
681 28 0
682 15 0
683 21 0
684 7 0
685 6 0
686 28 0
687 9 1
688 5 0
689 10 0
690 7 0
691 20 0
692 14 0
693 3 0
694 11 0
695 1 0
696 7 0
697 2 0
698 1 0
699 23 0
700 25 0
701 4 0
702 11 0
703 10 0
704 20 0
705 15 0
706 26 0
707 9 0
708 14 0
709 1 0
710 21 1
711 13 0
712 19 1
713 35 0
714 32 0
715 26 0
716 52 0
717 8 0
718 14 1
719 11 0
720 23 2
721 7 0
722 22 0
723 35 0
724 20 0
725 6 0
726 13 0
727 48 0
728 21 2
729 12 0
730 18 0
731 3 0
732 9 0
733 8 0
734 25 0
735 45 0
736 20 0
737 7 0
738 13 0
739 10 0
740 2 0
741 4 0
742 6 0
743 2 0
744 11 0
745 7 0
746 12 1
747 1 0
748 8 0
749 2 0
750 46 0
751 19 0
752 13 0
753 10 0
754 25 0
755 4 0
756 13 0
757 23 0
758 22 0
759 57 0
760 41 0
761 5 0
762 34 0
763 47 0
764 58 1
765 12 2
766 3 0
767 19 2
768 6 0
769 21 0
770 3 0
771 16 0
772 6 0
773 3 0
774 37 0
775 7 0
776 9 0
777 18 2
778 22 0
779 17 0
780 7 0
781 36 2
782 17 0
783 30 1
784 14 1
785 13 1
786 19 1
787 3 0
788 18 1
789 8 0
790 5 1
791 11 0
792 11 0
793 7 0
794 23 0
795 1 0
796 1 0
797 27 0
798 1 0
799 1 0
800 23 0
801 15 1
802 3 0
803 15 1
804 7 0
805 2 1
806 3 0
807 2 0
808 25 0
809 28 0
810 1 0
811 17 0
812 13 0
813 7 0
814 4 0
815 1 0
816 4 0
817 8 1
818 9 0
819 3 0
820 18 0
821 14 1
822 1 0
823 7 0
824 50 0
825 31 0
826 20 0
827 4 0
828 2 0
829 6 0
830 12 0
831 19 0
832 17 0
833 23 0
834 7 0
835 3 0
836 2 0
837 2 0
838 1 0
839 1 0
840 1 0
841 1 0
842 1 0
843 1 0
844 1 0
845 1 0
846 53 0
847 1 0
848 8 0
849 6 0
850 18 0
851 16 0
852 29 0
853 5 0
854 24 0
855 2 0
856 13 0
857 13 0
858 11 0
859 6 0
860 2 0
861 3 0
862 14 0
863 1 0
864 1 0
865 9 0
866 1 0
867 35 0
868 15 0
869 9 0
870 13 0
871 35 0
872 11 0
873 1 0
874 8 0
875 7 0
876 4 0
877 11 0
878 4 0
879 6 0
880 22 1
881 21 0
882 53 0
883 11 0
884 33 1
885 76 0
886 34 0
887 15 0
888 32 1
889 28 0
890 21 1
891 23 1
892 22 1
893 62 1
894 16 0
895 19 0
896 91 1
897 9 0
898 23 0
899 10 1
900 42 1
901 22 0
902 27 2
903 14 0
904 10 0
905 28 1
906 14 0
907 48 0
908 21 0
909 24 0
910 36 1
911 11 0
912 16 0
913 63 0
914 12 0
915 6 0
916 20 0
917 1 0
918 5 0
919 11 0
920 13 0
921 65 1
922 3 0
923 40 0
924 29 1
925 35 0
926 19 0
927 1 0
928 6 0
929 28 0
930 41 0
931 30 0
932 30 0
933 75 0
934 38 1
935 37 0
936 56 1
937 57 2
938 2 0
939 26 2
940 22 0
941 32 0
942 17 0
943 13 1
944 5 0
945 12 0
946 11 0
947 35 1
948 12 0
949 13 0
950 3 0
951 36 1
952 10 0
953 42 0
954 13 0
955 11 0
956 15 3
957 26 0
958 28 0
959 13 0
960 14 0
961 8 0
962 13 0
963 19 0
964 30 0
965 17 0
966 10 0
967 1 0
968 12 0
969 31 1
970 10 0
971 22 0
972 17 0
973 29 0
974 28 1
975 1 0
976 38 1
977 5 0
978 69 0
979 26 0
980 28 1
981 5 0
982 21 0
983 22 0
984 53 0
985 17 0
986 12 0
987 20 0
988 1 0
989 7 0
990 2 0
991 6 0
992 5 0
993 32 1
994 22 1
995 2 0
996 17 0
997 42 0
998 17 0
999 24 1
1000 16 0
1001 10 0
1002 4 0
1003 3 0
1004 29 1
1005 35 0
1006 10 0
1007 52 0
1008 25 0
1009 22 0
1010 3 0
1011 22 0
1012 1 0
1013 2 0
1014 8 0
1015 12 0
1016 8 0
1017 33 0
1018 46 0
1019 33 0
1020 44 1
1021 27 2
1022 19 0
1023 13 0
1024 19 1
1025 14 0
1026 22 0
1027 46 4
1028 9 0
1029 65 0
1030 65 1
1031 6 1
1032 13 0
1033 2 0
1034 20 1
1035 8 0
1036 1 0
1037 11 0
1038 48 0
1039 23 0
1040 8 1
1041 8 0
1042 13 2
1043 24 1
1044 10 0
1045 2 0
1046 14 1
1047 21 2
1048 29 0
1049 23 0
1050 4 0
1051 14 1
1052 15 0
1053 15 0
1054 47 0
1055 36 0
1056 12 0
1057 14 0
1058 14 0
1059 56 0
1060 43 0
1061 4 0
1062 4 2
1063 41 0
1064 3 0
1065 8 2
1066 12 0
1067 18 0
1068 73 0
1069 18 0
1070 9 0
1071 23 0
1072 23 1
1073 27 1
1074 27 0
1075 30 1
1076 29 0
1077 24 0
1078 76 0
1079 49 0
1080 6 0
1081 24 0
1082 27 0
1083 40 0
1084 3 0
1085 14 0
1086 47 1
1087 15 0
1088 42 0
1089 15 0
1090 52 2
1091 26 0
1092 60 0
1093 22 1
1094 36 0
1095 48 0
1096 27 1
1097 16 2
1098 9 1
1099 12 1
1100 10 2
1101 55 1
1102 21 2
1103 16 1
1104 9 0
1105 11 0
1106 28 1
1107 22 0
1108 9 0
1109 36 0
1110 2 0
1111 10 0
1112 7 0
1113 1 0
1114 8 0
1115 3 0
1116 18 0
1117 12 2
1118 2 0
1119 26 1
1120 9 0
1121 12 0
1122 54 2
1123 37 0
1124 9 0
1125 20 0
1126 26 1
1127 33 0
1128 26 3
1129 24 0
1130 11 0
1131 8 0
1132 28 1
1133 11 1
1134 6 0
1135 15 0
1136 5 0
1137 2 0
1138 5 0
1139 10 0
1140 6 1
1141 1 0
1142 3 0
1143 1 0
1144 19 0
1145 17 0
1146 3 0
1147 10 0
1148 54 1
1149 34 1
1150 14 2
1151 6 2
1152 20 0
1153 17 1
1154 8 0
1155 1 0
1156 37 2
1157 7 0
1158 3 0
1159 2 0
1160 20 0
1161 1 0
1162 6 0
1163 22 0
1164 52 0
1165 1 0
1166 7 0
1167 2 0
1168 16 0
1169 17 0
1170 2 0
1171 21 0
1172 34 1
1173 8 0
1174 31 0
1175 25 1
1176 22 0
1177 1 0
1178 34 0
1179 3 0
1180 4 1
1181 25 1
1182 14 0
1183 4 0
1184 22 1
1185 31 0
1186 14 1
1187 14 0
1188 8 0
1189 2 0
1190 17 0
1191 42 0
1192 2 0
1193 28 2
1194 8 0
1195 23 0
1196 17 0
1197 6 0
1198 12 0
1199 9 0
1200 4 0
1201 6 1
1202 1 0
1203 16 0
1204 14 0
1205 6 0
1206 8 0
1207 2 0
1208 24 0
1209 11 0
1210 18 0
1211 23 0
1212 42 1
1213 74 2
1214 34 1
1215 67 1
1216 12 0
1217 1 0
1218 2 0
1219 19 0
1220 32 2
1221 52 0
1222 23 0
1223 20 1
1224 13 0
1225 15 1
1226 82 0
1227 3 0
1228 4 0
1229 24 0
1230 15 0
1231 14 0
1232 1 0
1233 28 0
1234 4 0
1235 13 0
1236 3 0
1237 5 0
1238 7 1
1239 1 0
1240 4 0
1241 5 0
1242 32 2
1243 12 0
1244 8 0
1245 12 0
1246 12 0
1247 10 1
1248 12 0
1249 16 1
1250 5 0
1251 1 0
1252 8 0
1253 12 0
1254 7 0
1255 2 0
1256 1 0
1257 91 1
1258 24 0
1259 5 0
1260 36 0
1261 17 1
1262 3 0
1263 17 0
1264 7 0
1265 12 0
1266 49 1
1267 43 0
1268 33 0
1269 9 0
1270 25 1
1271 17 0
1272 37 5
1273 14 0
1274 8 0
1275 12 0
1276 29 0
1277 8 0
1278 7 0
1279 19 0
1280 48 0
1281 29 0
1282 49 0
1283 32 0
1284 16 1
1285 6 0
1286 17 0
1287 20 0
1288 4 0
1289 14 0
1290 28 2
1291 7 0
1292 16 1
1293 16 0
1294 41 1
1295 9 0
1296 17 2
1297 27 0
1298 8 0
1299 21 0
1300 12 0
1301 15 0
1302 31 0
1303 1 0
1304 14 0
1305 18 0
1306 11 0
1307 15 1
1308 22 0
1309 12 1
1310 14 1
1311 4 0
1312 23 0
1313 14 0
1314 28 1
1315 12 0
1316 35 1
1317 4 0
1318 1 0
1319 4 0
1320 18 0
1321 1 0
1322 9 0
1323 4 0
1324 12 0
1325 5 0
1326 4 0
1327 18 0
1328 21 0
1329 4 1
1330 10 0
1331 6 0
1332 35 1
1333 27 3
1334 38 0
1335 12 0
1336 17 0
1337 20 0
1338 46 0
1339 46 0
1340 25 0
1341 27 0
1342 29 0
1343 18 0
1344 14 0
1345 25 0
1346 15 1
1347 15 0
1348 28 0
1349 10 0
1350 18 2
1351 12 1
1352 33 0
1353 34 0
1354 17 0
1355 23 0
1356 27 0
1357 10 0
1358 41 3
1359 5 0
1360 8 0
1361 20 0
1362 2 0
1363 13 0
1364 37 2
1365 47 0
1366 16 0
1367 3 1
1368 18 0
1369 12 2
1370 16 0
1371 2 0
1372 4 0
1373 26 0
1374 28 0
1375 20 1
1376 30 0
1377 28 0
1378 6 0
1379 4 0
1380 27 0
1381 26 1
1382 30 0
1383 103 1
1384 25 1
1385 6 0
1386 9 0
1387 25 0
1388 19 2
1389 35 1
1390 7 0
1391 1 0
1392 33 1
1393 20 1
1394 11 0
1395 24 0
1396 31 0
1397 15 0
1398 1 0
1399 11 0
1400 3 0
1401 35 0
1402 5 0
1403 7 0
1404 3 0
1405 26 2
1406 5 0
1407 30 0
1408 15 1
1409 9 0
1410 9 1
1411 40 0
1412 18 1
1413 6 0
1414 34 0
1415 12 3
1416 20 1
1417 3 0
1418 18 1
1419 21 0
1420 14 0
1421 18 1
1422 9 0
1423 11 0
1424 32 0
1425 22 2
1426 35 3
1427 9 0
1428 23 1
1429 33 1
1430 39 1
1431 32 0
1432 24 1
1433 17 1
1434 17 0
1435 38 0
1436 15 0
1437 23 1
1438 31 0
1439 25 0
1440 38 0
1441 26 2
1442 51 3
1443 51 1
1444 13 0
1445 4 0
1446 6 0
1447 25 3
1448 8 0
1449 18 0
1450 27 0
1451 22 0
1452 11 0
1453 8 1
1454 5 0
1455 5 0
1456 1 0
1457 16 1
1458 21 1
1459 13 2
1460 10 1
1461 18 0
1462 3 2
1463 4 0
1464 28 0
1465 17 0
1466 31 0
1467 4 0
1468 5 0
1469 21 1
1470 11 0
1471 56 0
1472 32 0
1473 25 0
1474 29 0
1475 4 0
1476 25 1
1477 58 1
1478 23 0
1479 25 0
1480 19 0
1481 46 4
1482 29 1
1483 30 2
1484 24 1
1485 14 0
1486 32 0
1487 35 0
1488 27 0
1489 81 0
1490 24 1
1491 22 0
1492 60 1
1493 18 0
1494 49 3
1495 9 0
1496 21 0
1497 50 0
1498 22 0
1499 40 0
1500 26 0
1501 23 1
1502 29 0
1503 30 0
1504 10 0
1505 41 0
1506 18 0
1507 61 1
1508 27 0
1509 60 1
1510 56 0
1511 73 1
1512 10 0
1513 27 0
1514 21 0
1515 67 1
1516 23 0
1517 28 1
1518 37 0
1519 21 0
1520 7 0
1521 29 2
1522 34 1
1523 29 1
1524 45 0
1525 41 0
1526 0 0
1527 0 0
1528 0 0
1529 0 0
1530 0 0
1531 0 0
1532 0 0
1533 0 0
1534 0 0
1535 0 0
1536 0 0
1537 0 0
1538 0 0
1539 0 0
1540 0 0
1541 0 0
1542 0 0
1543 0 0
1544 0 0
1545 0 0
1546 0 0
1547 0 0
1548 0 0
1549 0 0
1550 0 0
1551 0 0
1552 0 0
1553 0 0
1554 0 0
1555 0 0
1556 0 0
1557 0 0
1558 0 0
1559 0 0
1560 0 0
1561 0 0
1562 0 0
1563 0 0
1564 0 0
1565 0 0
1566 0 0
1567 0 0
